#
# Small numbers
#
0:1:0
0:2:0
0:3:0
0:4:0
0:5:0
0:6:0
0:7:0
0:8:0
0:9:0
0:10:0
0:11:0
0:12:0
0:13:0
0:14:0
0:15:0
0:16:0
0:17:0
0:18:0
0:19:0
0:20:0
0:21:0
0:22:0
0:23:0
0:24:0
0:25:0
0:26:0
0:27:0
0:28:0
0:29:0
0:30:0
0:31:0
0:32:0
0:33:0
0:34:0
0:35:0
0:36:0
0:37:0
0:38:0
0:39:0
0:40:0
0:41:0
0:42:0
0:43:0
0:44:0
0:45:0
0:46:0
0:47:0
0:48:0
0:49:0
0:50:0
1:1:1
1:2:2
1:3:3
1:4:4
1:5:5
1:6:6
1:7:7
1:8:8
1:9:9
1:10:10
1:11:11
1:12:12
1:13:13
1:14:14
1:15:15
1:16:16
1:17:17
1:18:18
1:19:19
1:20:20
1:21:21
1:22:22
1:23:23
1:24:24
1:25:25
1:26:26
1:27:27
1:28:28
1:29:29
1:30:30
1:31:31
1:32:32
1:33:33
1:34:34
1:35:35
1:36:36
1:37:37
1:38:38
1:39:39
1:40:40
1:41:41
1:42:42
1:43:43
1:44:44
1:45:45
1:46:46
1:47:47
1:48:48
1:49:49
1:50:50
2:1:2
2:2:2
2:3:6
2:4:4
2:5:10
2:6:6
2:7:14
2:8:8
2:9:18
2:10:10
2:11:22
2:12:12
2:13:26
2:14:14
2:15:30
2:16:16
2:17:34
2:18:18
2:19:38
2:20:20
2:21:42
2:22:22
2:23:46
2:24:24
2:25:50
2:26:26
2:27:54
2:28:28
2:29:58
2:30:30
2:31:62
2:32:32
2:33:66
2:34:34
2:35:70
2:36:36
2:37:74
2:38:38
2:39:78
2:40:40
2:41:82
2:42:42
2:43:86
2:44:44
2:45:90
2:46:46
2:47:94
2:48:48
2:49:98
2:50:50
3:1:3
3:2:6
3:3:3
3:4:12
3:5:15
3:6:6
3:7:21
3:8:24
3:9:9
3:10:30
3:11:33
3:12:12
3:13:39
3:14:42
3:15:15
3:16:48
3:17:51
3:18:18
3:19:57
3:20:60
3:21:21
3:22:66
3:23:69
3:24:24
3:25:75
3:26:78
3:27:27
3:28:84
3:29:87
3:30:30
3:31:93
3:32:96
3:33:33
3:34:102
3:35:105
3:36:36
3:37:111
3:38:114
3:39:39
3:40:120
3:41:123
3:42:42
3:43:129
3:44:132
3:45:45
3:46:138
3:47:141
3:48:48
3:49:147
3:50:150
4:1:4
4:2:4
4:3:12
4:4:4
4:5:20
4:6:12
4:7:28
4:8:8
4:9:36
4:10:20
4:11:44
4:12:12
4:13:52
4:14:28
4:15:60
4:16:16
4:17:68
4:18:36
4:19:76
4:20:20
4:21:84
4:22:44
4:23:92
4:24:24
4:25:100
4:26:52
4:27:108
4:28:28
4:29:116
4:30:60
4:31:124
4:32:32
4:33:132
4:34:68
4:35:140
4:36:36
4:37:148
4:38:76
4:39:156
4:40:40
4:41:164
4:42:84
4:43:172
4:44:44
4:45:180
4:46:92
4:47:188
4:48:48
4:49:196
4:50:100
5:1:5
5:2:10
5:3:15
5:4:20
5:5:5
5:6:30
5:7:35
5:8:40
5:9:45
5:10:10
5:11:55
5:12:60
5:13:65
5:14:70
5:15:15
5:16:80
5:17:85
5:18:90
5:19:95
5:20:20
5:21:105
5:22:110
5:23:115
5:24:120
5:25:25
5:26:130
5:27:135
5:28:140
5:29:145
5:30:30
5:31:155
5:32:160
5:33:165
5:34:170
5:35:35
5:36:180
5:37:185
5:38:190
5:39:195
5:40:40
5:41:205
5:42:210
5:43:215
5:44:220
5:45:45
5:46:230
5:47:235
5:48:240
5:49:245
5:50:50
6:1:6
6:2:6
6:3:6
6:4:12
6:5:30
6:6:6
6:7:42
6:8:24
6:9:18
6:10:30
6:11:66
6:12:12
6:13:78
6:14:42
6:15:30
6:16:48
6:17:102
6:18:18
6:19:114
6:20:60
6:21:42
6:22:66
6:23:138
6:24:24
6:25:150
6:26:78
6:27:54
6:28:84
6:29:174
6:30:30
6:31:186
6:32:96
6:33:66
6:34:102
6:35:210
6:36:36
6:37:222
6:38:114
6:39:78
6:40:120
6:41:246
6:42:42
6:43:258
6:44:132
6:45:90
6:46:138
6:47:282
6:48:48
6:49:294
6:50:150
7:1:7
7:2:14
7:3:21
7:4:28
7:5:35
7:6:42
7:7:7
7:8:56
7:9:63
7:10:70
7:11:77
7:12:84
7:13:91
7:14:14
7:15:105
7:16:112
7:17:119
7:18:126
7:19:133
7:20:140
7:21:21
7:22:154
7:23:161
7:24:168
7:25:175
7:26:182
7:27:189
7:28:28
7:29:203
7:30:210
7:31:217
7:32:224
7:33:231
7:34:238
7:35:35
7:36:252
7:37:259
7:38:266
7:39:273
7:40:280
7:41:287
7:42:42
7:43:301
7:44:308
7:45:315
7:46:322
7:47:329
7:48:336
7:49:49
7:50:350
8:1:8
8:2:8
8:3:24
8:4:8
8:5:40
8:6:24
8:7:56
8:8:8
8:9:72
8:10:40
8:11:88
8:12:24
8:13:104
8:14:56
8:15:120
8:16:16
8:17:136
8:18:72
8:19:152
8:20:40
8:21:168
8:22:88
8:23:184
8:24:24
8:25:200
8:26:104
8:27:216
8:28:56
8:29:232
8:30:120
8:31:248
8:32:32
8:33:264
8:34:136
8:35:280
8:36:72
8:37:296
8:38:152
8:39:312
8:40:40
8:41:328
8:42:168
8:43:344
8:44:88
8:45:360
8:46:184
8:47:376
8:48:48
8:49:392
8:50:200
9:1:9
9:2:18
9:3:9
9:4:36
9:5:45
9:6:18
9:7:63
9:8:72
9:9:9
9:10:90
9:11:99
9:12:36
9:13:117
9:14:126
9:15:45
9:16:144
9:17:153
9:18:18
9:19:171
9:20:180
9:21:63
9:22:198
9:23:207
9:24:72
9:25:225
9:26:234
9:27:27
9:28:252
9:29:261
9:30:90
9:31:279
9:32:288
9:33:99
9:34:306
9:35:315
9:36:36
9:37:333
9:38:342
9:39:117
9:40:360
9:41:369
9:42:126
9:43:387
9:44:396
9:45:45
9:46:414
9:47:423
9:48:144
9:49:441
9:50:450
10:1:10
10:2:10
10:3:30
10:4:20
10:5:10
10:6:30
10:7:70
10:8:40
10:9:90
10:10:10
10:11:110
10:12:60
10:13:130
10:14:70
10:15:30
10:16:80
10:17:170
10:18:90
10:19:190
10:20:20
10:21:210
10:22:110
10:23:230
10:24:120
10:25:50
10:26:130
10:27:270
10:28:140
10:29:290
10:30:30
10:31:310
10:32:160
10:33:330
10:34:170
10:35:70
10:36:180
10:37:370
10:38:190
10:39:390
10:40:40
10:41:410
10:42:210
10:43:430
10:44:220
10:45:90
10:46:230
10:47:470
10:48:240
10:49:490
10:50:50
11:1:11
11:2:22
11:3:33
11:4:44
11:5:55
11:6:66
11:7:77
11:8:88
11:9:99
11:10:110
11:11:11
11:12:132
11:13:143
11:14:154
11:15:165
11:16:176
11:17:187
11:18:198
11:19:209
11:20:220
11:21:231
11:22:22
11:23:253
11:24:264
11:25:275
11:26:286
11:27:297
11:28:308
11:29:319
11:30:330
11:31:341
11:32:352
11:33:33
11:34:374
11:35:385
11:36:396
11:37:407
11:38:418
11:39:429
11:40:440
11:41:451
11:42:462
11:43:473
11:44:44
11:45:495
11:46:506
11:47:517
11:48:528
11:49:539
11:50:550
12:1:12
12:2:12
12:3:12
12:4:12
12:5:60
12:6:12
12:7:84
12:8:24
12:9:36
12:10:60
12:11:132
12:12:12
12:13:156
12:14:84
12:15:60
12:16:48
12:17:204
12:18:36
12:19:228
12:20:60
12:21:84
12:22:132
12:23:276
12:24:24
12:25:300
12:26:156
12:27:108
12:28:84
12:29:348
12:30:60
12:31:372
12:32:96
12:33:132
12:34:204
12:35:420
12:36:36
12:37:444
12:38:228
12:39:156
12:40:120
12:41:492
12:42:84
12:43:516
12:44:132
12:45:180
12:46:276
12:47:564
12:48:48
12:49:588
12:50:300
13:1:13
13:2:26
13:3:39
13:4:52
13:5:65
13:6:78
13:7:91
13:8:104
13:9:117
13:10:130
13:11:143
13:12:156
13:13:13
13:14:182
13:15:195
13:16:208
13:17:221
13:18:234
13:19:247
13:20:260
13:21:273
13:22:286
13:23:299
13:24:312
13:25:325
13:26:26
13:27:351
13:28:364
13:29:377
13:30:390
13:31:403
13:32:416
13:33:429
13:34:442
13:35:455
13:36:468
13:37:481
13:38:494
13:39:39
13:40:520
13:41:533
13:42:546
13:43:559
13:44:572
13:45:585
13:46:598
13:47:611
13:48:624
13:49:637
13:50:650
14:1:14
14:2:14
14:3:42
14:4:28
14:5:70
14:6:42
14:7:14
14:8:56
14:9:126
14:10:70
14:11:154
14:12:84
14:13:182
14:14:14
14:15:210
14:16:112
14:17:238
14:18:126
14:19:266
14:20:140
14:21:42
14:22:154
14:23:322
14:24:168
14:25:350
14:26:182
14:27:378
14:28:28
14:29:406
14:30:210
14:31:434
14:32:224
14:33:462
14:34:238
14:35:70
14:36:252
14:37:518
14:38:266
14:39:546
14:40:280
14:41:574
14:42:42
14:43:602
14:44:308
14:45:630
14:46:322
14:47:658
14:48:336
14:49:98
14:50:350
15:1:15
15:2:30
15:3:15
15:4:60
15:5:15
15:6:30
15:7:105
15:8:120
15:9:45
15:10:30
15:11:165
15:12:60
15:13:195
15:14:210
15:15:15
15:16:240
15:17:255
15:18:90
15:19:285
15:20:60
15:21:105
15:22:330
15:23:345
15:24:120
15:25:75
15:26:390
15:27:135
15:28:420
15:29:435
15:30:30
15:31:465
15:32:480
15:33:165
15:34:510
15:35:105
15:36:180
15:37:555
15:38:570
15:39:195
15:40:120
15:41:615
15:42:210
15:43:645
15:44:660
15:45:45
15:46:690
15:47:705
15:48:240
15:49:735
15:50:150
16:1:16
16:2:16
16:3:48
16:4:16
16:5:80
16:6:48
16:7:112
16:8:16
16:9:144
16:10:80
16:11:176
16:12:48
16:13:208
16:14:112
16:15:240
16:16:16
16:17:272
16:18:144
16:19:304
16:20:80
16:21:336
16:22:176
16:23:368
16:24:48
16:25:400
16:26:208
16:27:432
16:28:112
16:29:464
16:30:240
16:31:496
16:32:32
16:33:528
16:34:272
16:35:560
16:36:144
16:37:592
16:38:304
16:39:624
16:40:80
16:41:656
16:42:336
16:43:688
16:44:176
16:45:720
16:46:368
16:47:752
16:48:48
16:49:784
16:50:400
17:1:17
17:2:34
17:3:51
17:4:68
17:5:85
17:6:102
17:7:119
17:8:136
17:9:153
17:10:170
17:11:187
17:12:204
17:13:221
17:14:238
17:15:255
17:16:272
17:17:17
17:18:306
17:19:323
17:20:340
17:21:357
17:22:374
17:23:391
17:24:408
17:25:425
17:26:442
17:27:459
17:28:476
17:29:493
17:30:510
17:31:527
17:32:544
17:33:561
17:34:34
17:35:595
17:36:612
17:37:629
17:38:646
17:39:663
17:40:680
17:41:697
17:42:714
17:43:731
17:44:748
17:45:765
17:46:782
17:47:799
17:48:816
17:49:833
17:50:850
18:1:18
18:2:18
18:3:18
18:4:36
18:5:90
18:6:18
18:7:126
18:8:72
18:9:18
18:10:90
18:11:198
18:12:36
18:13:234
18:14:126
18:15:90
18:16:144
18:17:306
18:18:18
18:19:342
18:20:180
18:21:126
18:22:198
18:23:414
18:24:72
18:25:450
18:26:234
18:27:54
18:28:252
18:29:522
18:30:90
18:31:558
18:32:288
18:33:198
18:34:306
18:35:630
18:36:36
18:37:666
18:38:342
18:39:234
18:40:360
18:41:738
18:42:126
18:43:774
18:44:396
18:45:90
18:46:414
18:47:846
18:48:144
18:49:882
18:50:450
19:1:19
19:2:38
19:3:57
19:4:76
19:5:95
19:6:114
19:7:133
19:8:152
19:9:171
19:10:190
19:11:209
19:12:228
19:13:247
19:14:266
19:15:285
19:16:304
19:17:323
19:18:342
19:19:19
19:20:380
19:21:399
19:22:418
19:23:437
19:24:456
19:25:475
19:26:494
19:27:513
19:28:532
19:29:551
19:30:570
19:31:589
19:32:608
19:33:627
19:34:646
19:35:665
19:36:684
19:37:703
19:38:38
19:39:741
19:40:760
19:41:779
19:42:798
19:43:817
19:44:836
19:45:855
19:46:874
19:47:893
19:48:912
19:49:931
19:50:950
20:1:20
20:2:20
20:3:60
20:4:20
20:5:20
20:6:60
20:7:140
20:8:40
20:9:180
20:10:20
20:11:220
20:12:60
20:13:260
20:14:140
20:15:60
20:16:80
20:17:340
20:18:180
20:19:380
20:20:20
20:21:420
20:22:220
20:23:460
20:24:120
20:25:100
20:26:260
20:27:540
20:28:140
20:29:580
20:30:60
20:31:620
20:32:160
20:33:660
20:34:340
20:35:140
20:36:180
20:37:740
20:38:380
20:39:780
20:40:40
20:41:820
20:42:420
20:43:860
20:44:220
20:45:180
20:46:460
20:47:940
20:48:240
20:49:980
20:50:100
21:1:21
21:2:42
21:3:21
21:4:84
21:5:105
21:6:42
21:7:21
21:8:168
21:9:63
21:10:210
21:11:231
21:12:84
21:13:273
21:14:42
21:15:105
21:16:336
21:17:357
21:18:126
21:19:399
21:20:420
21:21:21
21:22:462
21:23:483
21:24:168
21:25:525
21:26:546
21:27:189
21:28:84
21:29:609
21:30:210
21:31:651
21:32:672
21:33:231
21:34:714
21:35:105
21:36:252
21:37:777
21:38:798
21:39:273
21:40:840
21:41:861
21:42:42
21:43:903
21:44:924
21:45:315
21:46:966
21:47:987
21:48:336
21:49:147
21:50:1050
22:1:22
22:2:22
22:3:66
22:4:44
22:5:110
22:6:66
22:7:154
22:8:88
22:9:198
22:10:110
22:11:22
22:12:132
22:13:286
22:14:154
22:15:330
22:16:176
22:17:374
22:18:198
22:19:418
22:20:220
22:21:462
22:22:22
22:23:506
22:24:264
22:25:550
22:26:286
22:27:594
22:28:308
22:29:638
22:30:330
22:31:682
22:32:352
22:33:66
22:34:374
22:35:770
22:36:396
22:37:814
22:38:418
22:39:858
22:40:440
22:41:902
22:42:462
22:43:946
22:44:44
22:45:990
22:46:506
22:47:1034
22:48:528
22:49:1078
22:50:550
23:1:23
23:2:46
23:3:69
23:4:92
23:5:115
23:6:138
23:7:161
23:8:184
23:9:207
23:10:230
23:11:253
23:12:276
23:13:299
23:14:322
23:15:345
23:16:368
23:17:391
23:18:414
23:19:437
23:20:460
23:21:483
23:22:506
23:23:23
23:24:552
23:25:575
23:26:598
23:27:621
23:28:644
23:29:667
23:30:690
23:31:713
23:32:736
23:33:759
23:34:782
23:35:805
23:36:828
23:37:851
23:38:874
23:39:897
23:40:920
23:41:943
23:42:966
23:43:989
23:44:1012
23:45:1035
23:46:46
23:47:1081
23:48:1104
23:49:1127
23:50:1150
24:1:24
24:2:24
24:3:24
24:4:24
24:5:120
24:6:24
24:7:168
24:8:24
24:9:72
24:10:120
24:11:264
24:12:24
24:13:312
24:14:168
24:15:120
24:16:48
24:17:408
24:18:72
24:19:456
24:20:120
24:21:168
24:22:264
24:23:552
24:24:24
24:25:600
24:26:312
24:27:216
24:28:168
24:29:696
24:30:120
24:31:744
24:32:96
24:33:264
24:34:408
24:35:840
24:36:72
24:37:888
24:38:456
24:39:312
24:40:120
24:41:984
24:42:168
24:43:1032
24:44:264
24:45:360
24:46:552
24:47:1128
24:48:48
24:49:1176
24:50:600
25:1:25
25:2:50
25:3:75
25:4:100
25:5:25
25:6:150
25:7:175
25:8:200
25:9:225
25:10:50
25:11:275
25:12:300
25:13:325
25:14:350
25:15:75
25:16:400
25:17:425
25:18:450
25:19:475
25:20:100
25:21:525
25:22:550
25:23:575
25:24:600
25:25:25
25:26:650
25:27:675
25:28:700
25:29:725
25:30:150
25:31:775
25:32:800
25:33:825
25:34:850
25:35:175
25:36:900
25:37:925
25:38:950
25:39:975
25:40:200
25:41:1025
25:42:1050
25:43:1075
25:44:1100
25:45:225
25:46:1150
25:47:1175
25:48:1200
25:49:1225
25:50:50
26:1:26
26:2:26
26:3:78
26:4:52
26:5:130
26:6:78
26:7:182
26:8:104
26:9:234
26:10:130
26:11:286
26:12:156
26:13:26
26:14:182
26:15:390
26:16:208
26:17:442
26:18:234
26:19:494
26:20:260
26:21:546
26:22:286
26:23:598
26:24:312
26:25:650
26:26:26
26:27:702
26:28:364
26:29:754
26:30:390
26:31:806
26:32:416
26:33:858
26:34:442
26:35:910
26:36:468
26:37:962
26:38:494
26:39:78
26:40:520
26:41:1066
26:42:546
26:43:1118
26:44:572
26:45:1170
26:46:598
26:47:1222
26:48:624
26:49:1274
26:50:650
27:1:27
27:2:54
27:3:27
27:4:108
27:5:135
27:6:54
27:7:189
27:8:216
27:9:27
27:10:270
27:11:297
27:12:108
27:13:351
27:14:378
27:15:135
27:16:432
27:17:459
27:18:54
27:19:513
27:20:540
27:21:189
27:22:594
27:23:621
27:24:216
27:25:675
27:26:702
27:27:27
27:28:756
27:29:783
27:30:270
27:31:837
27:32:864
27:33:297
27:34:918
27:35:945
27:36:108
27:37:999
27:38:1026
27:39:351
27:40:1080
27:41:1107
27:42:378
27:43:1161
27:44:1188
27:45:135
27:46:1242
27:47:1269
27:48:432
27:49:1323
27:50:1350
28:1:28
28:2:28
28:3:84
28:4:28
28:5:140
28:6:84
28:7:28
28:8:56
28:9:252
28:10:140
28:11:308
28:12:84
28:13:364
28:14:28
28:15:420
28:16:112
28:17:476
28:18:252
28:19:532
28:20:140
28:21:84
28:22:308
28:23:644
28:24:168
28:25:700
28:26:364
28:27:756
28:28:28
28:29:812
28:30:420
28:31:868
28:32:224
28:33:924
28:34:476
28:35:140
28:36:252
28:37:1036
28:38:532
28:39:1092
28:40:280
28:41:1148
28:42:84
28:43:1204
28:44:308
28:45:1260
28:46:644
28:47:1316
28:48:336
28:49:196
28:50:700
29:1:29
29:2:58
29:3:87
29:4:116
29:5:145
29:6:174
29:7:203
29:8:232
29:9:261
29:10:290
29:11:319
29:12:348
29:13:377
29:14:406
29:15:435
29:16:464
29:17:493
29:18:522
29:19:551
29:20:580
29:21:609
29:22:638
29:23:667
29:24:696
29:25:725
29:26:754
29:27:783
29:28:812
29:29:29
29:30:870
29:31:899
29:32:928
29:33:957
29:34:986
29:35:1015
29:36:1044
29:37:1073
29:38:1102
29:39:1131
29:40:1160
29:41:1189
29:42:1218
29:43:1247
29:44:1276
29:45:1305
29:46:1334
29:47:1363
29:48:1392
29:49:1421
29:50:1450
30:1:30
30:2:30
30:3:30
30:4:60
30:5:30
30:6:30
30:7:210
30:8:120
30:9:90
30:10:30
30:11:330
30:12:60
30:13:390
30:14:210
30:15:30
30:16:240
30:17:510
30:18:90
30:19:570
30:20:60
30:21:210
30:22:330
30:23:690
30:24:120
30:25:150
30:26:390
30:27:270
30:28:420
30:29:870
30:30:30
30:31:930
30:32:480
30:33:330
30:34:510
30:35:210
30:36:180
30:37:1110
30:38:570
30:39:390
30:40:120
30:41:1230
30:42:210
30:43:1290
30:44:660
30:45:90
30:46:690
30:47:1410
30:48:240
30:49:1470
30:50:150
31:1:31
31:2:62
31:3:93
31:4:124
31:5:155
31:6:186
31:7:217
31:8:248
31:9:279
31:10:310
31:11:341
31:12:372
31:13:403
31:14:434
31:15:465
31:16:496
31:17:527
31:18:558
31:19:589
31:20:620
31:21:651
31:22:682
31:23:713
31:24:744
31:25:775
31:26:806
31:27:837
31:28:868
31:29:899
31:30:930
31:31:31
31:32:992
31:33:1023
31:34:1054
31:35:1085
31:36:1116
31:37:1147
31:38:1178
31:39:1209
31:40:1240
31:41:1271
31:42:1302
31:43:1333
31:44:1364
31:45:1395
31:46:1426
31:47:1457
31:48:1488
31:49:1519
31:50:1550
32:1:32
32:2:32
32:3:96
32:4:32
32:5:160
32:6:96
32:7:224
32:8:32
32:9:288
32:10:160
32:11:352
32:12:96
32:13:416
32:14:224
32:15:480
32:16:32
32:17:544
32:18:288
32:19:608
32:20:160
32:21:672
32:22:352
32:23:736
32:24:96
32:25:800
32:26:416
32:27:864
32:28:224
32:29:928
32:30:480
32:31:992
32:32:32
32:33:1056
32:34:544
32:35:1120
32:36:288
32:37:1184
32:38:608
32:39:1248
32:40:160
32:41:1312
32:42:672
32:43:1376
32:44:352
32:45:1440
32:46:736
32:47:1504
32:48:96
32:49:1568
32:50:800
33:1:33
33:2:66
33:3:33
33:4:132
33:5:165
33:6:66
33:7:231
33:8:264
33:9:99
33:10:330
33:11:33
33:12:132
33:13:429
33:14:462
33:15:165
33:16:528
33:17:561
33:18:198
33:19:627
33:20:660
33:21:231
33:22:66
33:23:759
33:24:264
33:25:825
33:26:858
33:27:297
33:28:924
33:29:957
33:30:330
33:31:1023
33:32:1056
33:33:33
33:34:1122
33:35:1155
33:36:396
33:37:1221
33:38:1254
33:39:429
33:40:1320
33:41:1353
33:42:462
33:43:1419
33:44:132
33:45:495
33:46:1518
33:47:1551
33:48:528
33:49:1617
33:50:1650
34:1:34
34:2:34
34:3:102
34:4:68
34:5:170
34:6:102
34:7:238
34:8:136
34:9:306
34:10:170
34:11:374
34:12:204
34:13:442
34:14:238
34:15:510
34:16:272
34:17:34
34:18:306
34:19:646
34:20:340
34:21:714
34:22:374
34:23:782
34:24:408
34:25:850
34:26:442
34:27:918
34:28:476
34:29:986
34:30:510
34:31:1054
34:32:544
34:33:1122
34:34:34
34:35:1190
34:36:612
34:37:1258
34:38:646
34:39:1326
34:40:680
34:41:1394
34:42:714
34:43:1462
34:44:748
34:45:1530
34:46:782
34:47:1598
34:48:816
34:49:1666
34:50:850
35:1:35
35:2:70
35:3:105
35:4:140
35:5:35
35:6:210
35:7:35
35:8:280
35:9:315
35:10:70
35:11:385
35:12:420
35:13:455
35:14:70
35:15:105
35:16:560
35:17:595
35:18:630
35:19:665
35:20:140
35:21:105
35:22:770
35:23:805
35:24:840
35:25:175
35:26:910
35:27:945
35:28:140
35:29:1015
35:30:210
35:31:1085
35:32:1120
35:33:1155
35:34:1190
35:35:35
35:36:1260
35:37:1295
35:38:1330
35:39:1365
35:40:280
35:41:1435
35:42:210
35:43:1505
35:44:1540
35:45:315
35:46:1610
35:47:1645
35:48:1680
35:49:245
35:50:350
36:1:36
36:2:36
36:3:36
36:4:36
36:5:180
36:6:36
36:7:252
36:8:72
36:9:36
36:10:180
36:11:396
36:12:36
36:13:468
36:14:252
36:15:180
36:16:144
36:17:612
36:18:36
36:19:684
36:20:180
36:21:252
36:22:396
36:23:828
36:24:72
36:25:900
36:26:468
36:27:108
36:28:252
36:29:1044
36:30:180
36:31:1116
36:32:288
36:33:396
36:34:612
36:35:1260
36:36:36
36:37:1332
36:38:684
36:39:468
36:40:360
36:41:1476
36:42:252
36:43:1548
36:44:396
36:45:180
36:46:828
36:47:1692
36:48:144
36:49:1764
36:50:900
37:1:37
37:2:74
37:3:111
37:4:148
37:5:185
37:6:222
37:7:259
37:8:296
37:9:333
37:10:370
37:11:407
37:12:444
37:13:481
37:14:518
37:15:555
37:16:592
37:17:629
37:18:666
37:19:703
37:20:740
37:21:777
37:22:814
37:23:851
37:24:888
37:25:925
37:26:962
37:27:999
37:28:1036
37:29:1073
37:30:1110
37:31:1147
37:32:1184
37:33:1221
37:34:1258
37:35:1295
37:36:1332
37:37:37
37:38:1406
37:39:1443
37:40:1480
37:41:1517
37:42:1554
37:43:1591
37:44:1628
37:45:1665
37:46:1702
37:47:1739
37:48:1776
37:49:1813
37:50:1850
38:1:38
38:2:38
38:3:114
38:4:76
38:5:190
38:6:114
38:7:266
38:8:152
38:9:342
38:10:190
38:11:418
38:12:228
38:13:494
38:14:266
38:15:570
38:16:304
38:17:646
38:18:342
38:19:38
38:20:380
38:21:798
38:22:418
38:23:874
38:24:456
38:25:950
38:26:494
38:27:1026
38:28:532
38:29:1102
38:30:570
38:31:1178
38:32:608
38:33:1254
38:34:646
38:35:1330
38:36:684
38:37:1406
38:38:38
38:39:1482
38:40:760
38:41:1558
38:42:798
38:43:1634
38:44:836
38:45:1710
38:46:874
38:47:1786
38:48:912
38:49:1862
38:50:950
39:1:39
39:2:78
39:3:39
39:4:156
39:5:195
39:6:78
39:7:273
39:8:312
39:9:117
39:10:390
39:11:429
39:12:156
39:13:39
39:14:546
39:15:195
39:16:624
39:17:663
39:18:234
39:19:741
39:20:780
39:21:273
39:22:858
39:23:897
39:24:312
39:25:975
39:26:78
39:27:351
39:28:1092
39:29:1131
39:30:390
39:31:1209
39:32:1248
39:33:429
39:34:1326
39:35:1365
39:36:468
39:37:1443
39:38:1482
39:39:39
39:40:1560
39:41:1599
39:42:546
39:43:1677
39:44:1716
39:45:585
39:46:1794
39:47:1833
39:48:624
39:49:1911
39:50:1950
40:1:40
40:2:40
40:3:120
40:4:40
40:5:40
40:6:120
40:7:280
40:8:40
40:9:360
40:10:40
40:11:440
40:12:120
40:13:520
40:14:280
40:15:120
40:16:80
40:17:680
40:18:360
40:19:760
40:20:40
40:21:840
40:22:440
40:23:920
40:24:120
40:25:200
40:26:520
40:27:1080
40:28:280
40:29:1160
40:30:120
40:31:1240
40:32:160
40:33:1320
40:34:680
40:35:280
40:36:360
40:37:1480
40:38:760
40:39:1560
40:40:40
40:41:1640
40:42:840
40:43:1720
40:44:440
40:45:360
40:46:920
40:47:1880
40:48:240
40:49:1960
40:50:200
41:1:41
41:2:82
41:3:123
41:4:164
41:5:205
41:6:246
41:7:287
41:8:328
41:9:369
41:10:410
41:11:451
41:12:492
41:13:533
41:14:574
41:15:615
41:16:656
41:17:697
41:18:738
41:19:779
41:20:820
41:21:861
41:22:902
41:23:943
41:24:984
41:25:1025
41:26:1066
41:27:1107
41:28:1148
41:29:1189
41:30:1230
41:31:1271
41:32:1312
41:33:1353
41:34:1394
41:35:1435
41:36:1476
41:37:1517
41:38:1558
41:39:1599
41:40:1640
41:41:41
41:42:1722
41:43:1763
41:44:1804
41:45:1845
41:46:1886
41:47:1927
41:48:1968
41:49:2009
41:50:2050
42:1:42
42:2:42
42:3:42
42:4:84
42:5:210
42:6:42
42:7:42
42:8:168
42:9:126
42:10:210
42:11:462
42:12:84
42:13:546
42:14:42
42:15:210
42:16:336
42:17:714
42:18:126
42:19:798
42:20:420
42:21:42
42:22:462
42:23:966
42:24:168
42:25:1050
42:26:546
42:27:378
42:28:84
42:29:1218
42:30:210
42:31:1302
42:32:672
42:33:462
42:34:714
42:35:210
42:36:252
42:37:1554
42:38:798
42:39:546
42:40:840
42:41:1722
42:42:42
42:43:1806
42:44:924
42:45:630
42:46:966
42:47:1974
42:48:336
42:49:294
42:50:1050
43:1:43
43:2:86
43:3:129
43:4:172
43:5:215
43:6:258
43:7:301
43:8:344
43:9:387
43:10:430
43:11:473
43:12:516
43:13:559
43:14:602
43:15:645
43:16:688
43:17:731
43:18:774
43:19:817
43:20:860
43:21:903
43:22:946
43:23:989
43:24:1032
43:25:1075
43:26:1118
43:27:1161
43:28:1204
43:29:1247
43:30:1290
43:31:1333
43:32:1376
43:33:1419
43:34:1462
43:35:1505
43:36:1548
43:37:1591
43:38:1634
43:39:1677
43:40:1720
43:41:1763
43:42:1806
43:43:43
43:44:1892
43:45:1935
43:46:1978
43:47:2021
43:48:2064
43:49:2107
43:50:2150
44:1:44
44:2:44
44:3:132
44:4:44
44:5:220
44:6:132
44:7:308
44:8:88
44:9:396
44:10:220
44:11:44
44:12:132
44:13:572
44:14:308
44:15:660
44:16:176
44:17:748
44:18:396
44:19:836
44:20:220
44:21:924
44:22:44
44:23:1012
44:24:264
44:25:1100
44:26:572
44:27:1188
44:28:308
44:29:1276
44:30:660
44:31:1364
44:32:352
44:33:132
44:34:748
44:35:1540
44:36:396
44:37:1628
44:38:836
44:39:1716
44:40:440
44:41:1804
44:42:924
44:43:1892
44:44:44
44:45:1980
44:46:1012
44:47:2068
44:48:528
44:49:2156
44:50:1100
45:1:45
45:2:90
45:3:45
45:4:180
45:5:45
45:6:90
45:7:315
45:8:360
45:9:45
45:10:90
45:11:495
45:12:180
45:13:585
45:14:630
45:15:45
45:16:720
45:17:765
45:18:90
45:19:855
45:20:180
45:21:315
45:22:990
45:23:1035
45:24:360
45:25:225
45:26:1170
45:27:135
45:28:1260
45:29:1305
45:30:90
45:31:1395
45:32:1440
45:33:495
45:34:1530
45:35:315
45:36:180
45:37:1665
45:38:1710
45:39:585
45:40:360
45:41:1845
45:42:630
45:43:1935
45:44:1980
45:45:45
45:46:2070
45:47:2115
45:48:720
45:49:2205
45:50:450
46:1:46
46:2:46
46:3:138
46:4:92
46:5:230
46:6:138
46:7:322
46:8:184
46:9:414
46:10:230
46:11:506
46:12:276
46:13:598
46:14:322
46:15:690
46:16:368
46:17:782
46:18:414
46:19:874
46:20:460
46:21:966
46:22:506
46:23:46
46:24:552
46:25:1150
46:26:598
46:27:1242
46:28:644
46:29:1334
46:30:690
46:31:1426
46:32:736
46:33:1518
46:34:782
46:35:1610
46:36:828
46:37:1702
46:38:874
46:39:1794
46:40:920
46:41:1886
46:42:966
46:43:1978
46:44:1012
46:45:2070
46:46:46
46:47:2162
46:48:1104
46:49:2254
46:50:1150
47:1:47
47:2:94
47:3:141
47:4:188
47:5:235
47:6:282
47:7:329
47:8:376
47:9:423
47:10:470
47:11:517
47:12:564
47:13:611
47:14:658
47:15:705
47:16:752
47:17:799
47:18:846
47:19:893
47:20:940
47:21:987
47:22:1034
47:23:1081
47:24:1128
47:25:1175
47:26:1222
47:27:1269
47:28:1316
47:29:1363
47:30:1410
47:31:1457
47:32:1504
47:33:1551
47:34:1598
47:35:1645
47:36:1692
47:37:1739
47:38:1786
47:39:1833
47:40:1880
47:41:1927
47:42:1974
47:43:2021
47:44:2068
47:45:2115
47:46:2162
47:47:47
47:48:2256
47:49:2303
47:50:2350
48:1:48
48:2:48
48:3:48
48:4:48
48:5:240
48:6:48
48:7:336
48:8:48
48:9:144
48:10:240
48:11:528
48:12:48
48:13:624
48:14:336
48:15:240
48:16:48
48:17:816
48:18:144
48:19:912
48:20:240
48:21:336
48:22:528
48:23:1104
48:24:48
48:25:1200
48:26:624
48:27:432
48:28:336
48:29:1392
48:30:240
48:31:1488
48:32:96
48:33:528
48:34:816
48:35:1680
48:36:144
48:37:1776
48:38:912
48:39:624
48:40:240
48:41:1968
48:42:336
48:43:2064
48:44:528
48:45:720
48:46:1104
48:47:2256
48:48:48
48:49:2352
48:50:1200
49:1:49
49:2:98
49:3:147
49:4:196
49:5:245
49:6:294
49:7:49
49:8:392
49:9:441
49:10:490
49:11:539
49:12:588
49:13:637
49:14:98
49:15:735
49:16:784
49:17:833
49:18:882
49:19:931
49:20:980
49:21:147
49:22:1078
49:23:1127
49:24:1176
49:25:1225
49:26:1274
49:27:1323
49:28:196
49:29:1421
49:30:1470
49:31:1519
49:32:1568
49:33:1617
49:34:1666
49:35:245
49:36:1764
49:37:1813
49:38:1862
49:39:1911
49:40:1960
49:41:2009
49:42:294
49:43:2107
49:44:2156
49:45:2205
49:46:2254
49:47:2303
49:48:2352
49:49:49
49:50:2450
50:1:50
50:2:50
50:3:150
50:4:100
50:5:50
50:6:150
50:7:350
50:8:200
50:9:450
50:10:50
50:11:550
50:12:300
50:13:650
50:14:350
50:15:150
50:16:400
50:17:850
50:18:450
50:19:950
50:20:100
50:21:1050
50:22:550
50:23:1150
50:24:600
50:25:50
50:26:650
50:27:1350
50:28:700
50:29:1450
50:30:150
50:31:1550
50:32:800
50:33:1650
50:34:850
50:35:350
50:36:900
50:37:1850
50:38:950
50:39:1950
50:40:200
50:41:2050
50:42:1050
50:43:2150
50:44:1100
50:45:450
50:46:1150
50:47:2350
50:48:1200
50:49:2450
50:50:50
#
# Fibonacci numbers
#
0:55:0
0:89:0
0:144:0
0:233:0
0:377:0
0:610:0
0:987:0
0:1597:0
0:2584:0
0:4181:0
0:6765:0
0:10946:0
0:17711:0
0:28657:0
0:46368:0
0:75025:0
0:121393:0
0:196418:0
0:317811:0
0:514229:0
0:832040:0
0:1346269:0
0:2178309:0
0:3524578:0
0:5702887:0
0:9227465:0
0:14930352:0
0:24157817:0
0:39088169:0
0:63245986:0
0:102334155:0
0:165580141:0
0:267914296:0
0:433494437:0
0:701408733:0
0:1134903170:0
0:1836311903:0
0:2971215073:0
0:4807526976:0
0:7778742049:0
0:12586269025:0
1:55:55
1:89:89
1:144:144
1:233:233
1:377:377
1:610:610
1:987:987
1:1597:1597
1:2584:2584
1:4181:4181
1:6765:6765
1:10946:10946
1:17711:17711
1:28657:28657
1:46368:46368
1:75025:75025
1:121393:121393
1:196418:196418
1:317811:317811
1:514229:514229
1:832040:832040
1:1346269:1346269
1:2178309:2178309
1:3524578:3524578
1:5702887:5702887
1:9227465:9227465
1:14930352:14930352
1:24157817:24157817
1:39088169:39088169
1:63245986:63245986
1:102334155:102334155
1:165580141:165580141
1:267914296:267914296
1:433494437:433494437
1:701408733:701408733
1:1134903170:1134903170
1:1836311903:1836311903
1:2971215073:2971215073
1:4807526976:4807526976
1:7778742049:7778742049
1:12586269025:12586269025
1:55:55
1:89:89
1:144:144
1:233:233
1:377:377
1:610:610
1:987:987
1:1597:1597
1:2584:2584
1:4181:4181
1:6765:6765
1:10946:10946
1:17711:17711
1:28657:28657
1:46368:46368
1:75025:75025
1:121393:121393
1:196418:196418
1:317811:317811
1:514229:514229
1:832040:832040
1:1346269:1346269
1:2178309:2178309
1:3524578:3524578
1:5702887:5702887
1:9227465:9227465
1:14930352:14930352
1:24157817:24157817
1:39088169:39088169
1:63245986:63245986
1:102334155:102334155
1:165580141:165580141
1:267914296:267914296
1:433494437:433494437
1:701408733:701408733
1:1134903170:1134903170
1:1836311903:1836311903
1:2971215073:2971215073
1:4807526976:4807526976
1:7778742049:7778742049
1:12586269025:12586269025
2:55:110
2:89:178
2:144:144
2:233:466
2:377:754
2:610:610
2:987:1974
2:1597:3194
2:2584:2584
2:4181:8362
2:6765:13530
2:10946:10946
2:17711:35422
2:28657:57314
2:46368:46368
2:75025:150050
2:121393:242786
2:196418:196418
2:317811:635622
2:514229:1028458
2:832040:832040
2:1346269:2692538
2:2178309:4356618
2:3524578:3524578
2:5702887:11405774
2:9227465:18454930
2:14930352:14930352
2:24157817:48315634
2:39088169:78176338
2:63245986:63245986
2:102334155:204668310
2:165580141:331160282
2:267914296:267914296
2:433494437:866988874
2:701408733:1402817466
2:1134903170:1134903170
2:1836311903:3672623806
2:2971215073:5942430146
2:4807526976:4807526976
2:7778742049:15557484098
2:12586269025:25172538050
3:55:165
3:89:267
3:144:144
3:233:699
3:377:1131
3:610:1830
3:987:987
3:1597:4791
3:2584:7752
3:4181:12543
3:6765:6765
3:10946:32838
3:17711:53133
3:28657:85971
3:46368:46368
3:75025:225075
3:121393:364179
3:196418:589254
3:317811:317811
3:514229:1542687
3:832040:2496120
3:1346269:4038807
3:2178309:2178309
3:3524578:10573734
3:5702887:17108661
3:9227465:27682395
3:14930352:14930352
3:24157817:72473451
3:39088169:117264507
3:63245986:189737958
3:102334155:102334155
3:165580141:496740423
3:267914296:803742888
3:433494437:1300483311
3:701408733:701408733
3:1134903170:3404709510
3:1836311903:5508935709
3:2971215073:8913645219
3:4807526976:4807526976
3:7778742049:23336226147
3:12586269025:37758807075
5:55:55
5:89:445
5:144:720
5:233:1165
5:377:1885
5:610:610
5:987:4935
5:1597:7985
5:2584:12920
5:4181:20905
5:6765:6765
5:10946:54730
5:17711:88555
5:28657:143285
5:46368:231840
5:75025:75025
5:121393:606965
5:196418:982090
5:317811:1589055
5:514229:2571145
5:832040:832040
5:1346269:6731345
5:2178309:10891545
5:3524578:17622890
5:5702887:28514435
5:9227465:9227465
5:14930352:74651760
5:24157817:120789085
5:39088169:195440845
5:63245986:316229930
5:102334155:102334155
5:165580141:827900705
5:267914296:1339571480
5:433494437:2167472185
5:701408733:3507043665
5:1134903170:1134903170
5:1836311903:9181559515
5:2971215073:14856075365
5:4807526976:24037634880
5:7778742049:38893710245
5:12586269025:12586269025
8:55:440
8:89:712
8:144:144
8:233:1864
8:377:3016
8:610:2440
8:987:7896
8:1597:12776
8:2584:2584
8:4181:33448
8:6765:54120
8:10946:43784
8:17711:141688
8:28657:229256
8:46368:46368
8:75025:600200
8:121393:971144
8:196418:785672
8:317811:2542488
8:514229:4113832
8:832040:832040
8:1346269:10770152
8:2178309:17426472
8:3524578:14098312
8:5702887:45623096
8:9227465:73819720
8:14930352:14930352
8:24157817:193262536
8:39088169:312705352
8:63245986:252983944
8:102334155:818673240
8:165580141:1324641128
8:267914296:267914296
8:433494437:3467955496
8:701408733:5611269864
8:1134903170:4539612680
8:1836311903:14690495224
8:2971215073:23769720584
8:4807526976:4807526976
8:7778742049:62229936392
8:12586269025:100690152200
13:55:715
13:89:1157
13:144:1872
13:233:3029
13:377:377
13:610:7930
13:987:12831
13:1597:20761
13:2584:33592
13:4181:54353
13:6765:87945
13:10946:10946
13:17711:230243
13:28657:372541
13:46368:602784
13:75025:975325
13:121393:1578109
13:196418:2553434
13:317811:317811
13:514229:6684977
13:832040:10816520
13:1346269:17501497
13:2178309:28318017
13:3524578:45819514
13:5702887:74137531
13:9227465:9227465
13:14930352:194094576
13:24157817:314051621
13:39088169:508146197
13:63245986:822197818
13:102334155:1330344015
13:165580141:2152541833
13:267914296:267914296
13:433494437:5635427681
13:701408733:9118313529
13:1134903170:14753741210
13:1836311903:23872054739
13:2971215073:38625795949
13:4807526976:62497850688
13:7778742049:7778742049
13:12586269025:163621497325
21:55:1155
21:89:1869
21:144:1008
21:233:4893
21:377:7917
21:610:12810
21:987:987
21:1597:33537
21:2584:54264
21:4181:87801
21:6765:47355
21:10946:229866
21:17711:371931
21:28657:601797
21:46368:46368
21:75025:1575525
21:121393:2549253
21:196418:4124778
21:317811:2224677
21:514229:10798809
21:832040:17472840
21:1346269:28271649
21:2178309:2178309
21:3524578:74016138
21:5702887:119760627
21:9227465:193776765
21:14930352:104512464
21:24157817:507314157
21:39088169:820851549
21:63245986:1328165706
21:102334155:102334155
21:165580141:3477182961
21:267914296:5626200216
21:433494437:9103383177
21:701408733:4909861131
21:1134903170:23832966570
21:1836311903:38562549963
21:2971215073:62395516533
21:4807526976:4807526976
21:7778742049:163353583029
21:12586269025:264311649525
34:55:1870
34:89:3026
34:144:2448
34:233:7922
34:377:12818
34:610:10370
34:987:33558
34:1597:54298
34:2584:2584
34:4181:142154
34:6765:230010
34:10946:186082
34:17711:602174
34:28657:974338
34:46368:788256
34:75025:2550850
34:121393:4127362
34:196418:196418
34:317811:10805574
34:514229:17483786
34:832040:14144680
34:1346269:45773146
34:2178309:74062506
34:3524578:59917826
34:5702887:193898158
34:9227465:313733810
34:14930352:14930352
34:24157817:821365778
34:39088169:1328997746
34:63245986:1075181762
34:102334155:3479361270
34:165580141:5629724794
34:267914296:4554543032
34:433494437:14738810858
34:701408733:23847896922
34:1134903170:1134903170
34:1836311903:62434604702
34:2971215073:101021312482
34:4807526976:81727958592
34:7778742049:264477229666
34:12586269025:427933146850
55:0:0
55:1:55
55:1:55
55:2:110
55:3:165
55:5:55
55:8:440
55:13:715
55:21:1155
55:34:1870
55:55:55
55:89:4895
55:144:7920
55:233:12815
55:377:20735
55:610:6710
55:987:54285
55:1597:87835
55:2584:142120
55:4181:229955
55:6765:6765
55:10946:602030
55:17711:974105
55:28657:1576135
55:46368:2550240
55:75025:825275
55:121393:6676615
55:196418:10802990
55:317811:17479605
55:514229:28282595
55:832040:832040
55:1346269:74044795
55:2178309:119806995
55:3524578:193851790
55:5702887:313658785
55:9227465:101502115
55:14930352:821169360
55:24157817:1328679935
55:39088169:2149849295
55:63245986:3478529230
55:102334155:102334155
55:165580141:9106907755
55:267914296:14735286280
55:433494437:23842194035
55:701408733:38577480315
55:1134903170:12483934870
55:1836311903:100997154665
55:2971215073:163416829015
55:4807526976:264413983680
55:7778742049:427830812695
55:12586269025:12586269025
89:0:0
89:1:89
89:1:89
89:2:178
89:3:267
89:5:445
89:8:712
89:13:1157
89:21:1869
89:34:3026
89:55:4895
89:89:89
89:144:12816
89:233:20737
89:377:33553
89:610:54290
89:987:87843
89:1597:142133
89:2584:229976
89:4181:372109
89:6765:602085
89:10946:974194
89:17711:17711
89:28657:2550473
89:46368:4126752
89:75025:6677225
89:121393:10803977
89:196418:17481202
89:317811:28285179
89:514229:45766381
89:832040:74051560
89:1346269:119817941
89:2178309:193869501
89:3524578:3524578
89:5702887:507556943
89:9227465:821244385
89:14930352:1328801328
89:24157817:2150045713
89:39088169:3478847041
89:63245986:5628892754
89:102334155:9107739795
89:165580141:14736632549
89:267914296:23844372344
89:433494437:38581004893
89:701408733:701408733
89:1134903170:101006382130
89:1836311903:163431759367
89:2971215073:264438141497
89:4807526976:427869900864
89:7778742049:692308042361
89:12586269025:1120177943225
144:0:0
144:1:144
144:1:144
144:2:144
144:3:144
144:5:720
144:8:144
144:13:1872
144:21:1008
144:34:2448
144:55:7920
144:89:12816
144:144:144
144:233:33552
144:377:54288
144:610:43920
144:987:47376
144:1597:229968
144:2584:46512
144:4181:602064
144:6765:324720
144:10946:788112
144:17711:2550384
144:28657:4126608
144:46368:46368
144:75025:10803600
144:121393:17480592
144:196418:14142096
144:317811:15254928
144:514229:74048976
144:832040:14976720
144:1346269:193862736
144:2178309:104558832
144:3524578:253769616
144:5702887:821215728
144:9227465:1328754960
144:14930352:14930352
144:24157817:3478725648
144:39088169:5628696336
144:63245986:4553710992
144:102334155:4912039440
144:165580141:23843540304
144:267914296:4822457328
144:433494437:62423198928
144:701408733:33667619184
144:1134903170:81713028240
144:1836311903:264428914032
144:2971215073:427854970512
144:4807526976:4807526976
144:7778742049:1120138855056
144:12586269025:1812422739600
233:0:0
233:1:233
233:1:233
233:2:466
233:3:699
233:5:1165
233:8:1864
233:13:3029
233:21:4893
233:34:7922
233:55:12815
233:89:20737
233:144:33552
233:233:233
233:377:87841
233:610:142130
233:987:229971
233:1597:372101
233:2584:602072
233:4181:974173
233:6765:1576245
233:10946:2550418
233:17711:4126663
233:28657:6677081
233:46368:10803744
233:75025:17480825
233:121393:121393
233:196418:45765394
233:317811:74049963
233:514229:119815357
233:832040:193865320
233:1346269:313680677
233:2178309:507545997
233:3524578:821226674
233:5702887:1328772671
233:9227465:2149999345
233:14930352:3478772016
233:24157817:5628771361
233:39088169:9107543377
233:63245986:63245986
233:102334155:23843858115
233:165580141:38580172853
233:267914296:62424030968
233:433494437:101004203821
233:701408733:163428234789
233:1134903170:264432438610
233:1836311903:427860673399
233:2971215073:692293112009
233:4807526976:1120153785408
233:7778742049:1812446897417
233:12586269025:2932600682825
377:0:0
377:1:377
377:1:377
377:2:754
377:3:1131
377:5:1885
377:8:3016
377:13:377
377:21:7917
377:34:12818
377:55:20735
377:89:33553
377:144:54288
377:233:87841
377:377:377
377:610:229970
377:987:372099
377:1597:602069
377:2584:974168
377:4181:1576237
377:6765:2550405
377:10946:317434
377:17711:6677047
377:28657:10803689
377:46368:17480736
377:75025:28284425
377:121393:45765161
377:196418:74049586
377:317811:317811
377:514229:193864333
377:832040:313679080
377:1346269:507543413
377:2178309:821222493
377:3524578:1328765906
377:5702887:2149988399
377:9227465:267596485
377:14930352:5628742704
377:24157817:9107497009
377:39088169:14736239713
377:63245986:23843736722
377:102334155:38579976435
377:165580141:62423713157
377:267914296:267914296
377:433494437:163427402749
377:701408733:264431092341
377:1134903170:427858495090
377:1836311903:692289587431
377:2971215073:1120148082521
377:4807526976:1812437669952
377:7778742049:225583519421
377:12586269025:4745023422425
610:0:0
610:1:610
610:1:610
610:2:610
610:3:1830
610:5:610
610:8:2440
610:13:7930
610:21:12810
610:34:10370
610:55:6710
610:89:54290
610:144:43920
610:233:142130
610:377:229970
610:610:610
610:987:602070
610:1597:974170
610:2584:788120
610:4181:2550410
610:6765:825330
610:10946:3338530
610:17711:10803710
610:28657:17480770
610:46368:14142240
610:75025:9153050
610:121393:74049730
610:196418:59907490
610:317811:193864710
610:514229:313679690
610:832040:832040
610:1346269:821224090
610:2178309:1328768490
610:3524578:1074996290
610:5702887:3478761070
610:9227465:1125750730
610:14930352:4553757360
610:24157817:14736268370
610:39088169:23843783090
610:63245986:19290025730
610:102334155:12484766910
610:165580141:101003886010
610:267914296:81713860280
610:433494437:264431606570
610:701408733:427859327130
610:1134903170:1134903170
610:1836311903:1120150260830
610:2971215073:1812441194530
610:4807526976:1466295727680
610:7778742049:4745032649890
610:12586269025:1535524821050
987:0:0
987:1:987
987:1:987
987:2:1974
987:3:987
987:5:4935
987:8:7896
987:13:12831
987:21:987
987:34:33558
987:55:54285
987:89:87843
987:144:47376
987:233:229971
987:377:372099
987:610:602070
987:987:987
987:1597:1576239
987:2584:2550408
987:4181:4126647
987:6765:2225685
987:10946:10803702
987:17711:17480757
987:28657:28284459
987:46368:2179296
987:75025:74049675
987:121393:119814891
987:196418:193864566
987:317811:104559819
987:514229:507544023
987:832040:821223480
987:1346269:1328767503
987:2178309:2178309
987:3524578:3478758486
987:5702887:5628749469
987:9227465:9107507955
987:14930352:4912085808
987:24157817:23843765379
987:39088169:38580022803
987:63245986:62423788182
987:102334155:4809705285
987:165580141:163427599167
987:267914296:264431410152
987:433494437:427859009319
987:701408733:230763473157
987:1134903170:1120149428790
987:1836311903:1812439848261
987:2971215073:2932589277051
987:4807526976:4807526976
987:7778742049:7677618402363
987:12586269025:12422647527675
1597:0:0
1597:1:1597
1597:1:1597
1597:2:3194
1597:3:4791
1597:5:7985
1597:8:12776
1597:13:20761
1597:21:33537
1597:34:54298
1597:55:87835
1597:89:142133
1597:144:229968
1597:233:372101
1597:377:602069
1597:610:974170
1597:987:1576239
1597:1597:1597
1597:2584:4126648
1597:4181:6677057
1597:6765:10803705
1597:10946:17480762
1597:17711:28284467
1597:28657:45765229
1597:46368:74049696
1597:75025:119814925
1597:121393:193864621
1597:196418:313679546
1597:317811:507544167
1597:514229:821223713
1597:832040:1328767880
1597:1346269:2149991593
1597:2178309:3478759473
1597:3524578:5628751066
1597:5702887:5702887
1597:9227465:14736261605
1597:14930352:23843772144
1597:24157817:38580033749
1597:39088169:62423805893
1597:63245986:101003839642
1597:102334155:163427645535
1597:165580141:264431485177
1597:267914296:427859130712
1597:433494437:692290615889
1597:701408733:1120149746601
1597:1134903170:1812440362490
1597:1836311903:2932590109091
1597:2971215073:4745030471581
1597:4807526976:7677620580672
1597:7778742049:12422651052253
1597:12586269025:20100271632925
2584:0:0
2584:1:2584
2584:1:2584
2584:2:2584
2584:3:7752
2584:5:12920
2584:8:2584
2584:13:33592
2584:21:54264
2584:34:2584
2584:55:142120
2584:89:229976
2584:144:46512
2584:233:602072
2584:377:974168
2584:610:788120
2584:987:2550408
2584:1597:4126648
2584:2584:2584
2584:4181:10803704
2584:6765:17480760
2584:10946:14142232
2584:17711:45765224
2584:28657:74049688
2584:46368:14976864
2584:75025:193864600
2584:121393:313679512
2584:196418:14927768
2584:317811:821223624
2584:514229:1328767736
2584:832040:268748920
2584:1346269:3478759096
2584:2178309:5628750456
2584:3524578:4553754776
2584:5702887:14736260008
2584:9227465:23843769560
2584:14930352:14930352
2584:24157817:62423799128
2584:39088169:101003828696
2584:63245986:81713813912
2584:102334155:264431456520
2584:165580141:427859084344
2584:267914296:86536317608
2584:433494437:1120149625208
2584:701408733:1812440166072
2584:1134903170:86252640920
2584:1836311903:4745029957352
2584:2971215073:7677619748632
2584:4807526976:1552831213248
2584:7778742049:20100269454616
2584:12586269025:32522919160600
4181:0:0
4181:1:4181
4181:1:4181
4181:2:8362
4181:3:12543
4181:5:20905
