size=4
div=2
out=1
rand=0.001
cw=5
crunch=
rA=
rB=
rS=
rRef=
n0=2.01186944974855,
n1=2.01186944974855,
n2=0.993562161115676,0.993562161115676
n3=0.993562161115676,0.993562161115676
