size=4
div=2
out=1
rand=0.001
cw=5
crunch=
rA=
rB=
rS=
rRef=
n0=0.524401285814913,
n1=1.14128349636084,
n2=0.724155567412772,1.06830870836142
n3=0.724155567412772,1.06830870836142
