use v5.14;
use warnings;
use Test::More 0.98;

use lib './t';
use ac;
use Data::Section::Simple qw(get_data_section);

is(ac->new()->exec(''), '', 'empty');
is(ac->new(qw(-t))->exec(''), '', 'empty: -t');

my $stdin = join '', map "$_\n", 1..100;

for (
    [ normal => [qw(-c80)] ],
    [ xpose  => [qw(-c80 -x)] ],
) {
    my($name, $opt) = @$_;
    is(ac->new(@$opt)->exec($stdin), get_data_section($name), $name);
}

$stdin = get_data_section('xpose') =~ s/ +/ /gr;

for (
    [ table  => [qw(-t)] ],
    [ right  => [qw(-t -R::3)] ],
    [ single => ['-t', '-o', ' '] ],
    [ align  => [qw(-A)] ],
    [ tab    => [qw(-T)] ],
) {
    my($name, $opt) = @$_;
    is(ac->new(@$opt)->exec($stdin), get_data_section($name), $name);
}

done_testing;

__DATA__

@@ normal
1       11      21      31      41      51      61      71      81      91
2       12      22      32      42      52      62      72      82      92
3       13      23      33      43      53      63      73      83      93
4       14      24      34      44      54      64      74      84      94
5       15      25      35      45      55      65      75      85      95
6       16      26      36      46      56      66      76      86      96
7       17      27      37      47      57      67      77      87      97
8       18      28      38      48      58      68      78      88      98
9       19      29      39      49      59      69      79      89      99
10      20      30      40      50      60      70      80      90      100
@@ xpose
1       2       3       4       5       6       7       8       9       10
11      12      13      14      15      16      17      18      19      20
21      22      23      24      25      26      27      28      29      30
31      32      33      34      35      36      37      38      39      40
41      42      43      44      45      46      47      48      49      50
51      52      53      54      55      56      57      58      59      60
61      62      63      64      65      66      67      68      69      70
71      72      73      74      75      76      77      78      79      80
81      82      83      84      85      86      87      88      89      90
91      92      93      94      95      96      97      98      99      100
@@ table
1   2   3   4   5   6   7   8   9   10
11  12  13  14  15  16  17  18  19  20
21  22  23  24  25  26  27  28  29  30
31  32  33  34  35  36  37  38  39  40
41  42  43  44  45  46  47  48  49  50
51  52  53  54  55  56  57  58  59  60
61  62  63  64  65  66  67  68  69  70
71  72  73  74  75  76  77  78  79  80
81  82  83  84  85  86  87  88  89  90
91  92  93  94  95  96  97  98  99  100
@@ right
 1  2   3    4  5   6    7  8   9    10
11  12  13  14  15  16  17  18  19   20
21  22  23  24  25  26  27  28  29   30
31  32  33  34  35  36  37  38  39   40
41  42  43  44  45  46  47  48  49   50
51  52  53  54  55  56  57  58  59   60
61  62  63  64  65  66  67  68  69   70
71  72  73  74  75  76  77  78  79   80
81  82  83  84  85  86  87  88  89   90
91  92  93  94  95  96  97  98  99  100
@@ single
1  2  3  4  5  6  7  8  9  10
11 12 13 14 15 16 17 18 19 20
21 22 23 24 25 26 27 28 29 30
31 32 33 34 35 36 37 38 39 40
41 42 43 44 45 46 47 48 49 50
51 52 53 54 55 56 57 58 59 60
61 62 63 64 65 66 67 68 69 70
71 72 73 74 75 76 77 78 79 80
81 82 83 84 85 86 87 88 89 90
91 92 93 94 95 96 97 98 99 100
@@ align
1       2       3       4       5       6       7       8       9       10
11      12      13      14      15      16      17      18      19      20
21      22      23      24      25      26      27      28      29      30
31      32      33      34      35      36      37      38      39      40
41      42      43      44      45      46      47      48      49      50
51      52      53      54      55      56      57      58      59      60
61      62      63      64      65      66      67      68      69      70
71      72      73      74      75      76      77      78      79      80
81      82      83      84      85      86      87      88      89      90
91      92      93      94      95      96      97      98      99      100
@@ tab
1	2	3	4	5	6	7	8	9	10
11	12	13	14	15	16	17	18	19	20
21	22	23	24	25	26	27	28	29	30
31	32	33	34	35	36	37	38	39	40
41	42	43	44	45	46	47	48	49	50
51	52	53	54	55	56	57	58	59	60
61	62	63	64	65	66	67	68	69	70
71	72	73	74	75	76	77	78	79	80
81	82	83	84	85	86	87	88	89	90
91	92	93	94	95	96	97	98	99	100
