# Rates file: 28.rates.bin (#0)
# Cmd: treekin -m I --feps=-1.0 --tinc=1.36 --t0=0.1 --t8=1e3 --Temp=37 --bin --recoverE < 28.rates.bin
# Date: Wed Feb 12 11:52:49 2020
# Sequence: (null)
# Method: I
# Start time: 0.10
# Stop time: 1000.00
# Temperature: 37.00
# Basename: <stdin>
# Time increment: 1.36
# Degeneracy:  off
# Absorbing state: none
# States limit: 2147483647
1.00000000000000005551e-01 9.996821e-01 5.125677e-07 3.173154e-04 3.640100e-08 1.693872e-08 1.422256e-08 2.222878e-08 2.830810e-09
2.36000000000000043077e-01 9.992505e-01 2.844770e-06 7.461457e-04 2.013262e-07 9.349781e-08 7.719580e-08 1.196145e-07 1.553593e-08
4.20960000000000000853e-01 9.986650e-01 9.008105e-06 1.324396e-03 6.345097e-07 2.938785e-07 2.372402e-07 3.634494e-07 4.845561e-08
6.72505600000000036687e-01 9.978714e-01 2.284224e-05 2.101812e-03 1.598693e-06 7.377558e-07 5.780181e-07 8.725282e-07 1.203874e-07
1.01460761600000015648e+00 9.967971e-01 5.154067e-05 3.142840e-03 3.576117e-06 1.642208e-06 1.236886e-06 1.832157e-06 2.642883e-07
1.47986635776000019504e+00 9.953448e-01 1.083623e-04 4.529507e-03 7.430967e-06 3.390019e-06 2.425411e-06 3.508946e-06 5.356373e-07
2.11261824655360053171e+00 9.933860e-01 2.173581e-04 6.363655e-03 1.467111e-05 6.634396e-06 4.443921e-06 6.248833e-06 1.023265e-06
2.97316081531289677642e+00 9.907510e-01 4.214040e-04 8.767371e-03 2.784320e-05 1.244500e-05 7.674853e-06 1.044426e-05 1.860360e-06
4.14349870882553972251e+00 9.872192e-01 7.953769e-04 1.187968e-02 5.106941e-05 2.247964e-05 1.253746e-05 1.646944e-05 3.229337e-06
5.73515824400273466210e+00 9.825072e-01 1.466712e-03 1.584693e-02 9.064509e-05 3.911707e-05 1.940148e-05 2.461175e-05 5.349154e-06
7.89981521184371970890e+00 9.762576e-01 2.645159e-03 2.080442e-02 1.554147e-04 6.540187e-05 2.849307e-05 3.504259e-05 8.432535e-06
1.08437486881074605094e+01 9.680288e-01 4.660932e-03 2.684912e-02 2.563175e-04 1.045690e-04 3.985043e-05 4.782904e-05 1.261317e-05
1.48474982158261461507e+01 9.572896e-01 8.003640e-03 3.400946e-02 4.042276e-04 1.589689e-04 5.334690e-05 6.292888e-05 1.787440e-05
2.02925975735235581965e+01 9.434222e-01 1.334185e-02 4.222883e-02 6.055982e-04 2.286315e-04 6.873406e-05 8.015466e-05 2.403838e-05
2.76979326999920409946e+01 9.257404e-01 2.148825e-02 5.138774e-02 8.573436e-04 3.104967e-04 8.569174e-05 9.919701e-05 3.084884e-05
3.77691884719891817213e+01 9.035397e-01 3.327168e-02 6.138155e-02 1.145519e-03 3.996818e-04 1.039555e-04 1.197849e-04 3.810462e-05
5.14660963219052902673e+01 8.762111e-01 4.930797e-02 7.222452e-02 1.452582e-03 4.926591e-04 1.235135e-04 1.419174e-04 4.576289e-05
7.00938909977912061322e+01 8.434695e-01 6.972998e-02 8.407673e-02 1.769725e-03 5.895118e-04 1.446696e-04 1.659330e-04 5.394728e-05
9.54276917569960403398e+01 8.057303e-01 9.398183e-02 9.707278e-02 2.099986e-03 6.923689e-04 1.677275e-04 1.921547e-04 6.280424e-05
1.29881660789514626231e+02 7.645669e-01 1.207194e-01 1.109830e-01 2.444852e-03 8.010456e-04 1.923491e-04 2.201745e-04 7.223563e-05
1.76739058673739918959e+02 7.230028e-01 1.477860e-01 1.249649e-01 2.789239e-03 9.099364e-04 2.170834e-04 2.483273e-04 8.170375e-05
2.40465119796286302289e+02 6.852424e-01 1.723842e-01 1.376593e-01 3.101627e-03 1.008757e-03 2.395383e-04 2.738863e-04 9.029855e-05
3.27132562922949375661e+02 6.555128e-01 1.917514e-01 1.476535e-01 3.347552e-03 1.086556e-03 2.572167e-04 2.940086e-04 9.706507e-05
4.45000285575211194100e+02 6.362148e-01 2.043229e-01 1.541408e-01 3.507184e-03 1.137056e-03 2.686920e-04 3.070703e-04 1.014573e-04
6.05300388382287223976e+02 6.265511e-01 2.106183e-01 1.573895e-01 3.587123e-03 1.162344e-03 2.744385e-04 3.136111e-04 1.036568e-04
8.23308528199910711010e+02 6.231324e-01 2.128453e-01 1.585387e-01 3.615402e-03 1.171291e-03 2.764714e-04 3.159250e-04 1.044349e-04
1.00000000000000000000e+03 6.225084e-01 2.132519e-01 1.587485e-01 3.620565e-03 1.172924e-03 2.768425e-04 3.163474e-04 1.045769e-04
&
# Rates file: 29.rates.bin (#1)
# Cmd: treekin -m I --feps=-1.0 --tinc=1.36 --t0=0.1 --t8=1e3 --Temp=37 --bin --recoverE --p0 1=0.6225084 --p0 2=0.2132519 --p0 3=0.1587485 --p0 4=0.003620565 --p0 5=0.001172924 --p0 6=0.0002768425 --p0 7=0.0003163474 --p0 8=0.0001045769 < 29.rates.bin
# Date: Wed Feb 12 11:52:50 2020
# Sequence: (null)
# Method: I
# Start time: 0.10
# Stop time: 1000.00
# Temperature: 37.00
# Basename: <stdin>
# Time increment: 1.36
# Degeneracy:  off
# Absorbing state: none
# States limit: 2147483647
1.00010000000000002274e+03 6.225082e-01 2.132520e-01 1.587486e-01 3.620566e-03 1.172924e-03 2.768426e-04 3.163475e-04 1.045769e-04
1.00023599999999999000e+03 6.225080e-01 2.132522e-01 1.587486e-01 3.620568e-03 1.172925e-03 2.768427e-04 3.163477e-04 1.045770e-04
1.00042096000000003642e+03 6.225077e-01 2.132524e-01 1.587487e-01 3.620571e-03 1.172926e-03 2.768429e-04 3.163479e-04 1.045771e-04
1.00067250560000002224e+03 6.225072e-01 2.132526e-01 1.587489e-01 3.620574e-03 1.172927e-03 2.768432e-04 3.163482e-04 1.045772e-04
1.00101460761600003480e+03 6.225067e-01 2.132530e-01 1.587491e-01 3.620579e-03 1.172928e-03 2.768435e-04 3.163486e-04 1.045773e-04
1.00147986635775998820e+03 6.225059e-01 2.132535e-01 1.587494e-01 3.620586e-03 1.172931e-03 2.768440e-04 3.163491e-04 1.045775e-04
1.00211261824655355213e+03 6.225048e-01 2.132542e-01 1.587497e-01 3.620595e-03 1.172933e-03 2.768446e-04 3.163498e-04 1.045777e-04
1.00297316081531289456e+03 6.225033e-01 2.132552e-01 1.587502e-01 3.620607e-03 1.172937e-03 2.768455e-04 3.163508e-04 1.045781e-04
1.00414349870882551841e+03 6.225014e-01 2.132565e-01 1.587509e-01 3.620623e-03 1.172942e-03 2.768466e-04 3.163522e-04 1.045785e-04
1.00573515824400271867e+03 6.224988e-01 2.132582e-01 1.587518e-01 3.620645e-03 1.172949e-03 2.768482e-04 3.163539e-04 1.045791e-04
1.00789981521184370195e+03 6.224952e-01 2.132605e-01 1.587529e-01 3.620674e-03 1.172958e-03 2.768503e-04 3.163563e-04 1.045799e-04
1.01084374868810743919e+03 6.224905e-01 2.132636e-01 1.587545e-01 3.620713e-03 1.172971e-03 2.768531e-04 3.163595e-04 1.045810e-04
1.01484749821582613549e+03 6.224842e-01 2.132676e-01 1.587566e-01 3.620764e-03 1.172987e-03 2.768568e-04 3.163638e-04 1.045824e-04
1.02029259757352360793e+03 6.224760e-01 2.132730e-01 1.587594e-01 3.620832e-03 1.173008e-03 2.768617e-04 3.163693e-04 1.045843e-04
1.02769793269999195218e+03 6.224654e-01 2.132799e-01 1.587630e-01 3.620921e-03 1.173036e-03 2.768681e-04 3.163766e-04 1.045867e-04
1.03776918847198908225e+03 6.224518e-01 2.132888e-01 1.587676e-01 3.621033e-03 1.173072e-03 2.768761e-04 3.163858e-04 1.045898e-04
1.05146609632190529737e+03 6.224348e-01 2.132998e-01 1.587733e-01 3.621173e-03 1.173116e-03 2.768862e-04 3.163972e-04 1.045937e-04
1.07009389099779127719e+03 6.224144e-01 2.133131e-01 1.587801e-01 3.621343e-03 1.173170e-03 2.768984e-04 3.164111e-04 1.045983e-04
1.09542769175699595507e+03 6.223907e-01 2.133285e-01 1.587881e-01 3.621538e-03 1.173232e-03 2.769125e-04 3.164271e-04 1.046037e-04
1.12988166078951462623e+03 6.223649e-01 2.133454e-01 1.587968e-01 3.621752e-03 1.173299e-03 2.769278e-04 3.164446e-04 1.046096e-04
1.17673905867373991896e+03 6.223387e-01 2.133624e-01 1.588056e-01 3.621968e-03 1.173368e-03 2.769434e-04 3.164623e-04 1.046156e-04
1.24046511979628621702e+03 6.223150e-01 2.133779e-01 1.588135e-01 3.622165e-03 1.173430e-03 2.769575e-04 3.164783e-04 1.046210e-04
1.32713256292294931882e+03 6.222963e-01 2.133900e-01 1.588198e-01 3.622319e-03 1.173479e-03 2.769686e-04 3.164910e-04 1.046252e-04
1.44500028557521113726e+03 6.222842e-01 2.133979e-01 1.588239e-01 3.622420e-03 1.173511e-03 2.769758e-04 3.164992e-04 1.046280e-04
1.60530038838228711029e+03 6.222781e-01 2.134019e-01 1.588259e-01 3.622470e-03 1.173526e-03 2.769794e-04 3.165033e-04 1.046293e-04
1.82330852819991059732e+03 6.222760e-01 2.134033e-01 1.588267e-01 3.622488e-03 1.173532e-03 2.769807e-04 3.165048e-04 1.046298e-04
2.00000000000000000000e+03 6.222760e-01 2.134033e-01 1.588267e-01 3.622488e-03 1.173532e-03 2.769807e-04 3.165048e-04 1.046298e-04
&
# Rates file: 30.rates.bin (#2)
# Info: last landscape, setting t8 to 10000
# Cmd: treekin -m I --feps=-1.0 --tinc=1.36 --t0=0.1 --t8=10000 --Temp=37 --bin --recoverE --p0 1=0.622276 --p0 2=0.2134033 --p0 3=0.1588267 --p0 4=0.003622488 --p0 5=0.001173532 --p0 6=0.0002769807 --p0 7=0.0003165048 --p0 8=0.0001046298 < 30.rates.bin
# Date: Wed Feb 12 11:52:50 2020
# Sequence: (null)
# Method: I
# Start time: 0.10
# Stop time: 10000.00
# Temperature: 37.00
# Basename: <stdin>
# Time increment: 1.36
# Degeneracy:  off
# Absorbing state: none
# States limit: 2147483647
2.00009999999999990905e+03 6.222760e-01 2.134033e-01 1.588267e-01 3.622488e-03 1.173532e-03 2.769807e-04 3.165048e-04 1.046298e-04
1.20000000000000000000e+04 6.222760e-01 2.134033e-01 1.588267e-01 3.622488e-03 1.173532e-03 2.769807e-04 3.165048e-04 1.046298e-04
&
