---
N9561713: 51.7637003580427
N9561725: 59.2744755302573
N9561741: 64.8359029346213
N9561759: 60.8085871454753
N9561761: 86.3379500969693
N9561764: 65.8349826032671
U9693001: 78.2108337426467
U9693002: 86.133920075114
U9693003: 96.8904956594178
U9693004: 82.6084362423935
U9693005: 80.5093144597053
U9693006: 70.9227304951652
U9693007: 77.9484627729923
U9693008: 79.1738590368095
U9693009: 84.8819985982446
U9693011: 77.8143843371759
U9693012: 81.331114926936
U9693013: 66.3175374325586
U9693015: 82.29879846265
U9693016: 86.5872243190638
U9693017: 78.4274277595777
U9693018: 83.5073513855885
U9693020: 82.4185947183321
U9693021: 82.5288750642736
U9693022: 83.8869009806225
U9693023: 79.7833749635764
U9693024: 85.3767999677879
U9693025: 96.2655676045014
U9693028: 85.3289652036257
U9693029: 72.8212840387164
U9693030: 83.0520800120731
U9693031: 76.4479144347102
U9693032: 78.6915371131646
U9693033: 92.4061798758236
U9693034: 79.4692172632545
U9693035: 94.7902363776302
U9693036: 92.6808742767409
U9693037: 89.2889750554058
U9693038: 79.9198094862903
U9693039: 79.0886047806896
U9693040: 82.665646816175
U9693041: 79.7602352365261
U9693042: 79.582028895634
U9693043: 92.9125666519796
U9693044: 83.5082967956167
U9693045: 92.5245735937385
U9693046: 79.1477197426221
U9693047: 81.5116001863652
U9693048: 75.8306718110021
U9693050: 85.0375460793059
U9693052: 81.0823657107676
U9693053: 72.7391154646313
U9693054: 83.1589214332036
U9693055: 69.7374147712693
