<!DOCTYPE html>
<head>
<meta charset="utf-8" />
</head>
<body>
<div id="7f56fee9-9452-11e9-a4ae-b45d4ba8eb31"></div>
<script src="https://cdn.plot.ly/plotly-1.48.3.min.js"></script>
<script>
Plotly.react(document.getElementById('7f56fee9-9452-11e9-a4ae-b45d4ba8eb31'),[{"y":[0,1,2,3,4,5,6,7,8,9,10],"x":[0,1,2,3,4,5,6,7,8,9,10],"z":[[0,1,4,9,16,25,36,49,64,81,100],[1,2,5,10,17,26,37,50,65,82,101],[4,5,8,13,20,29,40,53,68,85,104],[9,10,13,18,25,34,45,58,73,90,109],[16,17,20,25,32,41,52,65,80,97,116],[25,26,29,34,41,50,61,74,89,106,125],[36,37,40,45,52,61,72,85,100,117,136],[49,50,53,58,65,74,85,98,113,130,149],[64,65,68,73,80,89,100,113,128,145,164],[81,82,85,90,97,106,117,130,145,162,181],[100,101,104,109,116,125,136,149,164,181,200]],"type":"heatmapgl"}]  );
</script>
</body>
</html>
