dimensions = 3
timewarp = 100000
epsilon = 0.0000001
trace = 1
axiscolor = #222277
zoom = 50

plane_base_x = 0
plane_base_y = 0
plane_base_z = 0

plane_vec2_x = 0.0793732336045707
plane_vec2_y = -0.27032040875917
plane_vec2_z = 0.959492973603991

plane_vec1_x = 0.959492973603991
plane_vec1_y = 0.281732556877211
plane_vec1_z = 0

output_file = ex7f.dat

[p1]
funcx = - k/m * (x1+x2/c+x3/c)
funcy = - k/m * (y1+y2/c+y3/c)
funcz = - k/m * (z1+z2/c+z3/c)
x = 0
y = 0
z = 0
vx = 5
vy = 0
vz = 0
color = #FF0000
colort = #660000

[p2]
funcx = - k/m * (x2+x1/c+x3/c)
funcy = - k/m * (y2+y1/c+y3/c)
funcz = - k/m * (z2+z1/c+z3/c)
x = 0
y = 0
z = 0
vx = 0
vy = 5
vz = 0
color = #00FF00
colort = #006600

[p3]
funcx = - k/m * (x3+x1/c+x2/c)
funcy = - k/m * (y3+y1/c+y2/c)
funcz = - k/m * (z3+z1/c+z2/c)
x = 0
y = 0
z = 0
vx = 0
vy = 0
vz = 5
color = #0000FF
colort = #0000FF

[constants]
k = 1
m = 3
c = 100
