header=$Id: AI::NeuralNet::Mesh.pm, v0.31 2000/25/12 05:26:10 josiah Exp $
total_layers=1
total_nodes=36
nodes=35
inputs=35
outputs=1
layers=35,1
rand=0
const=0.0001
cw=5
crunch=
rA=
rB=
rS=
rRef=
n0=1.17728457221993,linear,0.5,0
n1=1.17728457221993,linear,0.5,0
n2=1.17728457221993,linear,0.5,0
n3=1.17728457221993,linear,0.5,0
n4=1.17728457221993,linear,0.5,0
n5=1.17728457221993,linear,0.5,0
n6=1.17728457221993,linear,0.5,0
n7=1.17728457221993,linear,0.5,0
n8=1.17728457221993,linear,0.5,0
n9=1.17728457221993,linear,0.5,0
n10=1.17728457221993,linear,0.5,0
n11=1.17728457221993,linear,0.5,0
n12=1.17728457221993,linear,0.5,0
n13=1.17728457221993,linear,0.5,0
n14=1.17728457221993,linear,0.5,0
n15=1.17728457221993,linear,0.5,0
n16=1.17728457221993,linear,0.5,0
n17=1.17728457221993,linear,0.5,0
n18=1.17728457221993,linear,0.5,0
n19=1.17728457221993,linear,0.5,0
n20=1.17728457221993,linear,0.5,0
n21=1.17728457221993,linear,0.5,0
n22=1.17728457221993,linear,0.5,0
n23=1.17728457221993,linear,0.5,0
n24=1.17728457221993,linear,0.5,0
n25=1.17728457221993,linear,0.5,0
n26=1.17728457221993,linear,0.5,0
n27=1.17728457221993,linear,0.5,0
n28=1.17728457221993,linear,0.5,0
n29=1.17728457221993,linear,0.5,0
n30=1.17728457221993,linear,0.5,0
n31=1.17728457221993,linear,0.5,0
n32=1.17728457221993,linear,0.5,0
n33=1.17728457221993,linear,0.5,0
n34=1.17728457221993,linear,0.5,0
n35=1.17728457221993,1.17728457221993,1.17728457221993,1.17728457221993,1.17728457221993,1.17728457221993,1.17728457221993,1.17728457221993,1.17728457221993,1.17728457221993,1.17728457221993,1.17728457221993,1.17728457221993,1.17728457221993,1.17728457221993,1.17728457221993,1.17728457221993,1.17728457221993,1.17728457221993,1.17728457221993,1.17728457221993,1.17728457221993,1.17728457221993,1.17728457221993,1.17728457221993,1.17728457221993,1.17728457221993,1.17728457221993,1.17728457221993,1.17728457221993,1.17728457221993,1.17728457221993,1.17728457221993,1.17728457221993,1.17728457221993,linear,0.5,0
