header=$Id: AI::NeuralNet::Mesh.pm, v0.31 2000/25/12 05:26:10 josiah Exp $
total_layers=1
total_nodes=3
nodes=2
inputs=2
outputs=1
layers=2,1
rand=0
const=0.0001
cw=5
crunch=
rA=
rB=
rS=
rRef=
n0=0.82719,linear,0.5,0
n1=0.82719,linear,0.5,0
n2=0.82719,0.82719,sigmoid,0.75,0
