header=$Id: AI::NeuralNet::Mesh.pm, v0.31 2000/25/12 05:26:10 josiah Exp $
total_layers=2
total_nodes=5
nodes=2
inputs=2
outputs=1
layers=2,2,1
rand=0
const=0.0001
cw=5
crunch=
rA=
rB=
rS=
rRef=
n0=1.82746038771802,,,
n1=1.82746038771802,,,
n2=1.35183593224844,1.35183593224844,,,
n3=1.35183593224844,1.35183593224844,,,
n4=1.35183593224844,1.35183593224844,,,
