header=$Id: AI::NeuralNet::Mesh.pm, v0.31 2000/23/12 05:05:27 josiah Exp $
total_layers=2
total_nodes=5
nodes=2
inputs=2
outputs=1
layers=2,2,1
rand=0
const=0.0001
cw=5
crunch=
rA=
rB=
rS=
rRef=
n0=0.409803129087623,,,
n1=0.409803129087623,,,
n2=0.640158674929601,0.640158674929601,,,
n3=0.640158674929601,0.640158674929601,,,
n4=0.640158674929601,0.640158674929601,,,
